1.000000000000000009e+00
9.999939239025116278e-01
9.999752724170685170e-01
9.999440443515777988e-01
9.999002945423126620e-01
9.998447746038436890e-01
9.997788518667221069e-01
9.997034299373627197e-01
9.996163779497146962e-01
9.995133203268050659e-01
9.993850690126419023e-01
9.992173838615417969e-01
9.990005254745483176e-01
9.987324774265289307e-01
9.984209489822387651e-01
9.980782395601273116e-01
9.977149617671966508e-01
9.973348957300186557e-01
9.969434380531311257e-01
9.965478897094726118e-01
9.961626809835434360e-01
9.957940536737441839e-01
9.954511904716492054e-01
9.951367127895355269e-01
9.948441284894943282e-01
9.945792853832244873e-01
9.943376094102859275e-01
9.941182547807693171e-01
9.939228743314743042e-01
9.937458765506744784e-01
9.935679996013641047e-01
9.933769118785857888e-01
9.931723028421401978e-01
9.929449784755707276e-01
9.926927620172500966e-01
9.924144428968429965e-01
9.921110063791275246e-01
9.917911344766616732e-01
9.914640444517135442e-01
9.911354631185531616e-01
9.908032459020614802e-01
9.904690390825271473e-01
9.901347708702087358e-01
9.898032319545745361e-01
9.894701296091079623e-01
9.891297745704651367e-01
9.887836664915085061e-01
9.884375798702239591e-01
9.880989551544189231e-01
9.877602392435074208e-01
9.874255025386809992e-01
9.870852756500244629e-01
9.867481464147567216e-01
9.864068204164504472e-01
9.860577321052551580e-01
9.857071578502655251e-01
9.853596121072769609e-01
9.850192993879318681e-01
9.847014260292052956e-01
9.844086927175521584e-01
9.841272395849227639e-01
9.838511991500854537e-01
9.835814452171325328e-01
9.832997250556946289e-01
9.829992610216140569e-01
9.826855200529098777e-01
9.823617482185363903e-01
9.820288962125778287e-01
9.816973698139190851e-01
9.813682699203490900e-01
9.810426449775695446e-01
9.807126665115356579e-01
9.803801161050796908e-01
9.800464558601379439e-01
9.797318238019943060e-01
9.794113725423813088e-01
9.791019558906555176e-01
9.788160294294356856e-01
9.785636532306670743e-01
9.783429378271102372e-01
9.781423395872116400e-01
9.779568362236022994e-01
9.777715986967087103e-01
9.775854492187500133e-01
9.773950767517090021e-01
9.772169470787048784e-01
9.770443415641785201e-01
9.768788540363311235e-01
9.767153751850128351e-01
9.765433472394943193e-01
9.763670897483825994e-01
9.761852246522902954e-01
9.760110700130462114e-01
9.758539390563965021e-01
9.757196295261383323e-01
9.755925428867340266e-01
9.754597598314285190e-01
9.753221446275710527e-01
9.751827120780944824e-01
9.750404363870620594e-01
9.748985272645950273e-01
9.747620630264282049e-01
9.746252554655074896e-01
9.744862568378448442e-01
9.743366742134094149e-01
9.741877019405364990e-01
9.740522837638855291e-01
9.739318495988845692e-01
9.738061344623565319e-01
9.736704391241073342e-01
9.735199177265166925e-01
9.733358335494994851e-01
9.731245779991150036e-01
9.728721427917480513e-01
9.725987875461578058e-01
9.723055738210678589e-01
9.720003873109817061e-01
9.716872763633728205e-01
9.713648766279220359e-01
9.710309362411498890e-01
9.706810319423675448e-01
9.703255575895309848e-01
9.699748927354812089e-01
9.696254402399062666e-01
9.692856878042220847e-01
9.689714676141738536e-01
9.686747479438782005e-01
9.684093326330185381e-01
9.681766784191131459e-01
9.679738628864288374e-01
9.677840518951416060e-01
9.675991940498351873e-01
9.674230575561523215e-01
9.672599196434020774e-01
9.670993614196777832e-01
9.669389772415161177e-01
9.667621076107024702e-01
9.665855830907821300e-01
9.663808310031890558e-01
9.661765170097350586e-01
9.659675866365432517e-01
9.657475388050079657e-01
9.655048817396163496e-01
9.652437067031860440e-01
9.649490219354629472e-01
9.646430879831313643e-01
9.643434071540832875e-01
9.640524005889892223e-01
9.637668603658675615e-01
9.634564566612243697e-01
9.631344258785248247e-01
9.628113925457000288e-01
9.624781805276870772e-01
9.621298313140869141e-01
9.617609810829162997e-01
9.613725656270980524e-01
9.609752333164215399e-01
9.605705165863036576e-01
9.601455247402190807e-01
9.597111755609512018e-01
9.592624813318252341e-01
9.588108748197555764e-01
9.583749580383300604e-01
9.579185116291045743e-01
9.574478703737259178e-01
9.569697952270508345e-01
9.565232670307159957e-01
9.560752815008163319e-01
9.556166708469391313e-01
9.551378440856933549e-01
9.546542501449585272e-01
9.541825628280640181e-01
9.537451976537704157e-01
9.533343648910522772e-01
9.529490858316421731e-01
9.525705671310424894e-01
9.521937948465347690e-01
9.517881971597671464e-01
9.513809227943420543e-01
9.509847259521484464e-01
9.505845952033996626e-01
9.502010786533355846e-01
9.498231631517409790e-01
9.494372898340225353e-01
9.490388190746307240e-01
9.486563366651534768e-01
9.483189952373504150e-01
9.480148893594741999e-01
9.477390652894973622e-01
9.474823939800262051e-01
9.472531992197036343e-01
9.470345896482467163e-01
9.467903643846511397e-01
9.465190255641937611e-01
9.462454712390899747e-01
9.459412080049515170e-01
9.456012457609176414e-01
9.452116900682449030e-01
9.447733873128890680e-01
9.443206763267517623e-01
