1.000000000000000000e+00
9.999993103742599310e-01
9.999973076581955000e-01
9.999940097332000732e-01
9.999893426895141157e-01
9.999833947420120328e-01
9.999761462211609331e-01
9.999675244092941506e-01
9.999575525522231834e-01
9.999463003873825251e-01
9.999337780475616722e-01
9.999198657274246393e-01
9.999046212434768988e-01
9.998880761861801414e-01
9.998702532052994307e-01
9.998510873317718595e-01
9.998305845260619940e-01
9.998087459802627031e-01
9.997856110334396584e-01
9.997611773014069003e-01
9.997354108095168890e-01
9.997083419561385575e-01
9.996799391508102151e-01
9.996502763032912853e-01
9.996192681789398682e-01
9.995869421958922807e-01
9.995532959699631181e-01
9.995183336734771995e-01
9.994820803403854370e-01
9.994445079565048573e-01
9.994056272506713912e-01
9.993654656410216885e-01
9.993239814043044511e-01
9.992811650037765059e-01
9.992370200157165705e-01
9.991915529966354237e-01
9.991447222232818781e-01
9.990965652465820801e-01
9.990470695495605735e-01
9.989962691068648981e-01
9.989441263675690186e-01
9.988906908035278809e-01
9.988359636068344649e-01
9.987799191474914240e-01
9.987225019931793568e-01
9.986637485027313188e-01
9.986037051677704168e-01
9.985423260927199784e-01
9.984795719385146651e-01
9.984154570102691251e-01
9.983499979972839666e-01
9.982831513881683660e-01
9.982149457931518421e-01
9.981453090906142744e-01
9.980743241310119362e-01
9.980020546913146440e-01
9.979284155368804976e-01
9.978534102439879927e-01
9.977770024538039628e-01
9.976992732286453780e-01
9.976201623678206953e-01
9.975396960973739180e-01
9.974578678607940452e-01
9.973745930194855003e-01
9.972899025678634288e-01
9.972037875652313144e-01
9.971161872148514016e-01
9.970273011922836659e-01
9.969370204210281639e-01
9.968453097343444869e-01
9.967520886659622104e-01
9.966574662923812777e-01
9.965613341331481800e-01
9.964638221263885098e-01
9.963646781444549516e-01
9.962639641761780185e-01
9.961617696285247625e-01
9.960579252243042525e-01
9.959525614976882935e-01
9.958458459377288463e-01
9.957375574111938521e-01
9.956276756525039850e-01
9.955163091421127541e-01
9.954034364223480758e-01
9.952890306711197344e-01
9.951731771230697410e-01
9.950556558370590166e-01
9.949364268779754550e-01
9.948155981302261308e-01
9.946931976079941284e-01
9.945691084861755238e-01
9.944433319568634078e-01
9.943161064386367709e-01
9.941871321201324330e-01
9.940566527843475164e-01
9.939244294166564853e-01
9.937906312942504927e-01
9.936551177501677934e-01
9.935178238153458130e-01
9.933788388967513816e-01
9.932382428646087114e-01
9.930960744619369285e-01
9.929522043466567638e-01
9.928066778182983443e-01
9.926594823598862138e-01
9.925106155872345237e-01
9.923598462343216076e-01
9.922074198722838911e-01
9.920532089471817416e-01
9.918972313404083030e-01
9.917394036054610895e-01
9.915800189971923917e-01
9.914188933372497514e-01
9.912558543682098433e-01
9.910909807682037886e-01
9.909243559837341842e-01
9.907556891441344771e-01
9.905851167440414828e-01
9.904126703739166704e-01
9.902384227514267057e-01
9.900621366500854670e-01
9.898839688301086515e-01
9.897038692235946566e-01
9.895218795537948919e-01
9.893377292156219083e-01
9.891515666246414318e-01
9.889634108543395863e-01
9.887731564044952570e-01
9.885810577869414972e-01
9.883869475126266790e-01
9.881909817457199541e-01
9.879931116104125888e-01
9.877929723262787176e-01
9.875907158851623402e-01
9.873862051963806508e-01
9.871794903278350297e-01
9.869705837965011552e-01
9.867596197128295499e-01
9.865464633703231456e-01
9.863310027122497159e-01
9.861133342981338590e-01
9.858937388658524092e-01
9.856720352172851918e-01
9.854480516910553156e-01
9.852217906713485185e-01
9.849933093786239491e-01
9.847624957561492698e-01
9.845293992757797596e-01
9.842940062284469827e-01
9.840562444925308183e-01
9.838159543275832863e-01
9.835728693008423118e-01
9.833272111415862771e-01
9.830790311098098755e-01
9.828281730413437334e-01
9.825748157501220659e-01
9.823188662528992143e-01
9.820601469278336104e-01
9.817986965179443803e-01
9.815344983339309159e-01
9.812677162885665716e-01
9.809981447458266945e-01
9.807255059480667336e-01
9.804499977827072499e-01
9.801717090606689720e-01
9.798905205726623491e-01
9.796064078807831255e-01
9.793192529678345082e-01
9.790289133787155595e-01
9.787354755401611595e-01
9.784391617774963468e-01
9.781397807598114502e-01
9.778376048803330001e-01
9.775324243307114136e-01
9.772242480516433183e-01
9.769127529859542580e-01
9.765981036424636885e-01
9.762799942493438632e-01
9.759585547447204856e-01
9.756335806846618830e-01
9.753055751323700395e-01
9.749741607904434115e-01
9.746390789747237937e-01
9.743007570505142212e-01
9.739590209722518432e-01
9.736137551069259377e-01
9.732647591829299838e-01
9.729124093055725453e-01
9.725560683012008933e-01
9.721961045265197221e-01
9.718323153257369951e-01
9.714646863937378418e-01
9.710930144786834584e-01
9.707174497842788741e-01
9.703378760814667103e-01
9.699545592069626077e-01
9.695667237043380515e-01
9.691748708486557229e-01
9.687786763906478527e-01
9.683782655000686690e-01
